10
0       82      0       0       68      52      52      0       25      89
82      0       31      26      25      64      16      51      0       0
0       31      0       95      23      0       87      81      76      0
0       26      95      0       56      0       39      0       1       0
68      25      23      56      0       58      8       2       0       84
52      64      0       0       58      0       25      0       0       60
52      16      87      39      8       25      0       98      57      61
0       51      81      0       2       0       98      0       13      52
25      0       76      1       0       0       57      13      0       67
89      0       0       0       84      60      61      52      67      0