10
0       79      91      50      60      5       98      7       14      35
79      0       81      86      3       57      62      5       74      81
91      81      0       66      56      23      20      93      92      35
50      86      66      0       60      37      7       13      66      17
60      3       56      60      0       3       81      96      70      99
5       57      23      37      3       0       17      77      97      96
98      62      20      7       81      17      0       76      72      59
7       5       93      13      96      77      76      0       32      25
14      74      92      66      70      97      72      32      0       67
35      81      35      17      99      96      59      25      67      0