11
0       68      70      5       0       0       0       0       20      24      80
68      0       16      0       87      91      31      0       31      0       62
70      16      0       33      0       6       0       54      53      67      0
5       0       33      0       77      30      62      40      0       0       1
0       87      0       77      0       8       34      0       12      0       49
0       91      6       30      8       0       98      20      55      62      69
0       31      0       62      34      98      0       34      50      0       54
0       0       54      40      0       20      34      0       80      96      31
20      31      53      0       12      55      50      80      0       47      0
24      0       67      0       0       62      0       96      47      0       57
80      62      0       1       49      69      54      31      0       57      0