11
0       13      14      89      78      28      34      45      10      63      51
13      0       85      43      1       82      5       65      98      26      5
14      85      0       96      20      34      40      35      57      77      93
89      43      96      0       23      89      67      11      10      24      73
78      1       20      23      0       86      76      16      53      51      43
28      82      34      89      86      0       95      42      74      32      27
34      5       40      67      76      95      0       16      35      44      44
45      65      35      11      16      42      16      0       43      30      9
10      98      57      10      53      74      35      43      0       24      16
63      26      77      24      51      32      44      30      24      0       43
51      5       93      73      43      27      44      9       16      43      0