12
0       42      0       70      71      100     0       52      31      0       0       29
42      0       76      0       0       33      18      65      32      0       0       2
0       76      0       72      100     94      0       0       62      0       59      60
70      0       72      0       34      0       0       100     31      46      89      80
71      0       100     34      0       79      92      0       66      0       0       0
100     33      94      0       79      0       27      44      69      83      0       75
0       18      0       0       92      27      0       70      8       28      36      16
52      65      0       100     0       44      70      0       28      86      0       64
31      32      62      31      66      69      8       28      0       32      7       91
0       0       0       46      0       83      28      86      32      0       57      0
0       0       59      89      0       0       36      0       7       57      0       46
29      2       60      80      0       75      16      64      91      0       46      0