12
0       52      11      99      89      98      92      23      36      48      58      39
52      0       65      16      82      13      55      46      24      89      5       10
11      65      0       98      42      33      3       34      14      11      87      70
99      16      98      0       91      71      35      63      46      39      8       61
89      82      42      91      0       87      60      99      27      39      57      70
98      13      33      71      87      0       24      53      21      34      17      32
92      55      3       35      60      24      0       27      26      17      7       22
23      46      34      63      99      53      27      0       89      95      30      94
36      24      14      46      27      21      26      89      0       70      60      94
48      89      11      39      39      34      17      95      70      0       99      78
58      5       87      8       57      17      7       30      60      99      0       21
39      10      70      61      70      32      22      94      94      78      21      0