13
0       85      69      53      87      35      82      46      73      23      86      4       11
85      0       37      9       37      77      10      98      8       45      54      71      39
69      37      0       44      90      11      100     73      15      77      43      51      99
53      9       44      0       38      15      10      46      40      91      46      17      12
87      37      90      38      0       2       56      13      19      80      93      95      4
35      77      11      15      2       0       9       34      10      30      23      68      13
82      10      100     10      56      9       0       9       12      2       4       50      14
46      98      73      46      13      34      9       0       21      71      32      65      76
73      8       15      40      19      10      12      21      0       52      99      94      68
23      45      77      91      80      30      2       71      52      0       54      50      26
86      54      43      46      93      23      4       32      99      54      0       15      16
4       71      51      17      95      68      50      65      94      50      15      0       56
11      39      99      12      4       13      14      76      68      26      16      56      0