14
0       50      63      27      87      83      31      78      23      56      32      97      76      21
50      0       76      57      31      96      86      54      69      65      88      97      77      90
63      76      0       37      1       49      87      41      84      11      90      72      19      40
27      57      37      0       45      99      25      2       68      43      40      9       14      95
87      31      1       45      0       83      4       14      99      17      80      99      97      78
83      96      49      99      83      0       34      93      14      14      51      43      12      47
31      86      87      25      4       34      0       21      100     37      23      63      94      79
78      54      41      2       14      93      21      0       36      80      51      20      54      94
23      69      84      68      99      14      100     36      0       12      49      62      97      51
56      65      11      43      17      14      37      80      12      0       10      1       16      34
32      88      90      40      80      51      23      51      49      10      0       86      92      79
97      97      72      9       99      43      63      20      62      1       86      0       39      92
76      77      19      14      97      12      94      54      97      16      92      39      0       64
21      90      40      95      78      47      79      94      51      34      79      92      64      0