15
0       74      54      93      24      71      79      26      87      97      5       84      31      69      59
74      0       21      93      59      9       89      72      10      63      85      95      42      20      11
54      21      0       57      79      38      47      20      71      74      43      68      84      33      62
93      93      57      0       58      81      13      41      60      48      24      53      48      7       3
24      59      79      58      0       11      31      71      95      26      48      13      54      43      97
71      9       38      81      11      0       80      21      22      42      15      41      59      72      48
79      89      47      13      31      80      0       83      24      76      87      43      9       14      34
26      72      20      41      71      21      83      0       10      34      64      38      20      92      34
87      10      71      60      95      22      24      10      0       97      25      50      65      23      14
97      63      74      48      26      42      76      34      97      0       31      10      76      6       36
5       85      43      24      48      15      87      64      25      31      0       53      78      57      34
84      95      68      53      13      41      43      38      50      10      53      0       80      56      35
31      42      84      48      54      59      9       20      65      76      78      80      0       74      16
69      20      33      7       43      72      14      92      23      6       57      56      74      0       90
59      11      62      3       97      48      34      34      14      36      34      35      16      90      0