6
0       1       41      72      42      23
1       0       93      81      2       14
41      93      0       55      92      27
72      81      55      0       71      82
42      2       92      71      0       65
23      14      27      82      65      0