8
0       88      0       77      70      0       80      27
88      0       7       88      84      20      5       99
0       7       0       64      4       0       0       0
77      88      64      0       57      36      45      96
70      84      4       57      0       29      0       0
0       20      0       36      29      0       17      0
80      5       0       45      0       17      0       81
27      99      0       96      0       0       81      0