8
0       47      68      95      99      41      95      54
47      0       76      90      35      42      17      5
68      76      0       11      59      83      42      70
95      90      11      0       47      25      1       11
99      35      59      47      0       96      55      17
41      42      83      25      96      0       22      48
95      17      42      1       55      22      0       97
54      5       70      11      17      48      97      0