9
0       36      3       65      77      25      24      72      51
36      0       2       93      60      10      55      64      59
3       2       0       57      99      68      9       62      50
65      93      57      0       51      83      3       91      83
77      60      99      51      0       70      41      79      82
25      10      68      83      70      0       9       20      74
24      55      9       3       41      9       0       93      17
72      64      62      91      79      20      93      0       84
51      59      50      83      82      74      17      84      0